300471
603066
603800
002758
300457
002773
002782
603616
002765
300482
300413
002747
002756
603883
603899
002760
300428
300486
002766
300473
601069
300498
603338
002779
603901
002751
002746
300435
603021
603611
002763
300445
002745
300453
603808
603199
601021
300480
002781
300495
002772
603969
300425
300492
601198
300404
601155
603698
300460
300490
002750
300433
002743
603789
603729
300488
002786
300444
603020
603268
603898
603198
002785
603997
603939
603936
603838
603818
603508
603398
603318
603315
603116
603108
601368
600959
300497
300491
300483
300466
300464
300455
300449
300424
002770
002739
002734
002783
300489
002761
300478
300420
603022
601689
300441
002748
300459
300443
300430
300447
002776
002759
002741
300414
300423
603601
603589
300427
603567
300421
603158
300475
603999
300422
603015
603355
300415
601985
603718
603866
603519
002762
002768
002757
603558
601211
300485
603778
300374
300429
000166
603030
300494
002777
600958
603885
603311
603788
603012
300426
300446
300432
603118
601968
300417
603686
300456
300418
002787
300461
300442
603309
603828
603023
603996
603869
300448
002752
300470
603696
603669
002775
002755
300438
603599
603227
001979
002767
002742
300468
002753
603979
300436
300487
603117
300472
603678
603618
300496
300440
300394
300476
300467
300493
603703
300463
603568
603600
603222
300431
603223
002740
300419
300481
002780
300416
603085
603025
002749
300458
603300
603968
002771
603566
603026
300439
300434
603299
300364
002769
300437
603918
300469
603598
603989
300465
300479
300462
300450
603799
300451
300477
300452
